192
174
7
129
95
156
151
194
96
120
19
20
90
127
19
156
23
62
40
72
13
126
120
181
96
22
11
45
146
193
74
101
198
66
47
158
137
109
40
185
178
128
40
73
179
26
47
68
184
2
16
26
136
99
188
105
98
183
110
128
82
74
46
195
123
24
194
191
143
1
42
70
181
131
90
84
3
193
54
99
53
52
192
124
68
127
190
7
65
119
58
189
124
50
170
172
137
135
169
195
138
23
181
167
43
82
43
5
1
141
159
48
125
82
145
93
184
169
132
190
78
14
137
156
80
27
164
96
125
55
141
91
50
7
81
197
122
92
113
171
14
61
148
117
152
62
33
47
37
1
56
93
145
77
2
108
167
116
13
71
106
129
92
88
150
33
30
119
66
137
102
144
98
153
172
144
15
152
66
152
82
72
65
93
57
83
28
15
73
109
101
104
117
132
56
144
118
158
85
95
