1620
1322
1625
1466
843
634
615
1338
178
438
98
1697
320
645
1663
838
1903
696
241
1195
493
311
1813
1005
289
1168
479
971
1771
717
1396
1323
480
1142
314
1834
116
1126
1293
674
232
642
1507
817
1590
1528
386
776
1258
980
1680
257
532
1033
1595
1652
1308
1470
1995
1803
437
1222
917
36
933
1557
17
1832
1859
1504
1486
570
1762
1108
1444
1810
1037
505
970
858
1923
1192
697
360
134
235
897
94
1118
261
1914
894
515
1666
1934
306
91
655
662
1563
1185
477
642
1176
1271
674
1580
1386
717
209
783
1478
1522
1883
132
1786
1882
1590
429
1619
1120
1997
134
1982
1614
1416
1929
973
396
685
161
253
1381
1143
273
1078
1824
1878
37
610
1789
279
25
690
238
998
1737
1933
1304
1777
505
714
506
1295
998
993
1214
688
284
1149
701
822
874
1940
680
69
1491
666
740
1415
150
1970
1590
436
192
1591
975
480
480
1322
1497
1092
1804
605
259
929
66
671
202
707
449
377
1497
1475
1145
1625
881
975
1472
1068
1900
910
935
770
1327
478
1452
12
1198
897
1313
825
37
72
765
786
852
142
1346
1650
410
1544
239
778
1222
1675
1766
356
1497
286
528
614
1904
450
160
201
385
447
1734
1291
627
513
869
1202
1603
100
1734
1490
1316
1563
62
1681
775
279
1230
136
108
150
1977
300
1912
1273
732
1903
1143
747
1273
1809
19
1999
1332
1962
5
1753
994
1565
1516
1872
1886
917
1404
1058
190
1635
105
72
1669
1275
180
1788
1003
1515
917
57
58
1038
1802
1745
1706
1792
894
565
1375
1603
1101
272
1521
145
39
324
925
307
196
346
1850
1969
1687
164
334
1755
1718
710
1746
1943
1176
996
548
92
1088
781
1339
1167
1081
889
1824
988
707
1118
731
295
1773
1545
459
563
1027
1915
682
563
378
802
1600
335
1257
1659
1864
1577
298
532
304
641
1698
1654
500
1606
1293
259
237
1934
174
1500
1350
487
261
1094
624
1166
257
110
471
881
1977
315
1444
352
662
611
1923
601
995
1649
1032
997
887
325
270
1132
1650
1275
240
1456
806
1857
92
1545
456
1380
1460
796
1735
970
1287
738
925
342
1440
38
1748
1399
13
783
1386
1409
802
207
168
912
639
891
911
1850
1824
76
468
1253
115
949
414
586
767
1637
637
1000
1347
1839
302
299
1693
1433
428
622
1132
243
536
654
216
1592
1308
1
352
377
477
440
1508
1816
1584
753
1029
226
366
1744
1482
1841
394
94
388
1009
1827
914
675
545
1333
1504
266
988
1845
303
1009
1673
172
336
1066
975
1155
811
1718
205
529
508
425
1865
1953
126
1371
1832
695
614
1056
1422
164
1764
1226
117
888
197
846
147
1656
1053
213
8
1040
355
723
1189
1162
1277
173
1203
1008
670
1111
1634
686
1389
1499
1
252
312
1985
910
314
664
1483
1935
541
1318
288
1200
1417
1679
1228
589
1055
660
1413
1107
1354
229
1425
578
980
320
342
1957
718
1428
835
1781
336
634
253
1355
989
278
1180
1445
1531
875
920
1515
1521
1501
1518
1218
82
1547
439
240
458
1836
394
65
662
1160
1056
378
1912
219
873
268
939
726
1694
59
468
1815
887
1904
1818
570
1358
44
1000
1919
147
125
544
238
1088
150
146
1577
64
1370
829
897
1708
329
1701
1051
1479
1134
614
1123
283
1448
1512
1794
1234
536
692
1805
1594
1162
1989
574
1779
1352
354
119
634
1819
731
244
251
3
1746
1856
434
1289
1229
987
1811
1715
937
826
748
760
753
511
1991
532
1694
139
1140
526
1569
721
1606
601
1984
269
1724
584
1629
1173
1603
373
237
831
1051
163
743
1939
935
1154
507
1762
1801
1891
1926
343
221
126
627
828
1188
752
1459
1393
724
1384
1393
1465
830
1364
1199
1781
1905
232
1845
773
1661
975
1436
828
1674
1796
645
19
297
1859
479
209
1356
748
1081
521
1682
504
20
1700
293
1183
333
1874
1032
505
442
1259
1931
1763
1443
330
513
1333
835
652
1988
1489
1534
1382
615
31
965
1109
1355
103
1672
329
1478
1102
1020
533
770
1444
1581
128
930
397
1765
1343
1898
1888
1390
1543
1839
732
181
494
669
353
1311
1793
808
894
880
1051
84
1863
41
293
649
985
866
89
1745
657
937
251
1572
393
681
1386
1015
1797
607
451
1856
1790
1817
1671
1804
172
1904
1662
917
57
55
1660
1470
1971
84
1379
785
179
1374
1882
876
1276
1224
1500
1222
357
1646
979
1160
651
733
950
922
241
264
353
1387
73
1032
21
1430
1480
35
799
737
341
1488
717
856
1826
1002
735
1417
494
1523
1754
593
1113
987
1026
1975
1882
737
169
1687
638
1913
787
1938
850
671
1901
1283
1779
699
413
245
1619
966
1131
1348
495
75
1248
1458
238
1473
125
843
1533
1209
48
234
1657
1075
627
477
1725
1333
1462
1575
1565
590
958
628
1153
1640
525
1186
726
1485
1139
1199
801
1404
869
381
1942
1435
1118
653
1144
687
36
1547
1346
1226
540
1302
1829
964
1712
1251
19
45
1312
1602
1691
322
935
49
550
1806
655
1023
18
595
55
244
1308
329
164
848
1828
1973
598
1585
1355
462
589
1688
1632
189
1419
1054
1516
83
1244
787
298
1312
1523
456
1483
176
55
958
1000
968
1342
94
473
866
1160
234
1351
1957
1119
851
61
1081
1309
77
468
729
1007
832
95
1545
1193
1217
68
1658
410
560
652
940
1873
51
28
484
576
115
1845
1246
1392
1605
1066
773
294
219
112
1632
468
892
490
1247
979
1570
533
1527
1599
1906
1681
745
867
418
1922
394
1575
1334
198
974
1383
1323
104
695
614
1431
212
1357
1363
1856
588
462
763
1773
506
280
383
1546
343
147
759
320
1403
133
1638
1380
662
625
320
1519
494
1680
1466
334
1130
226
1969
1402
383
358
878
1066
376
1400
1817
40
1676
539
811
946
1307
552
664
1602
920
21
1084
1632
974
1513
1429
837
252
15
1842
1060
1538
1114
1066
1189
1825
296
704
449
334
1609
646
1765
279
609
400
1712
409
908
538
1183
1506
1250
1804
956
466
1964
685
435
1463
1270
1302
1781
985
420
440
143
1603
1098
16
205
516
967
730
700
485
482
133
926
1675
1640
1461
1873
1551
1604
14
1970
1484
368
496
670
168
1370
1950
841
327
1467
1251
1602
669
1332
1767
599
1555
1914
1246
581
44
789
770
1731
327
1731
978
1999
567
434
1707
121
338
1677
1734
1119
1367
1190
1202
952
1924
133
1428
117
1863
1744
988
1029
515
1916
761
824
1829
1106
1615
102
1095
422
1096
337
1188
1572
1418
456
1613
1100
1736
574
572
1936
555
122
1640
250
1522
1152
376
1412
1255
1424
1963
1922
1540
1597
599
1346
1285
1617
977
1976
912
111
1165
1187
531
89
629
1636
1693
1811
255
1760
512
728
1306
1748
1013
459
1754
1896
688
848
1205
679
1541
1981
1468
829
475
683
1406
914
1057
993
1369
391
671
1731
1442
542
1261
519
1703
687
889
1208
260
1272
309
1934
659
325
1488
430
1815
1488
118
574
666
587
426
540
1621
1547
19
1407
257
167
1076
926
1612
1330
561
1136
1326
917
351
372
108
800
1051
1457
1644
306
398
1360
570
376
1087
121
315
450
153
28
64
1212
750
1458
1709
140
765
50
666
839
336
1783
186
521
569
1554
1659
1028
1502
125
381
1016
706
1200
518
1157
422
887
1349
1501
1984
51
677
1501
363
464
421
877
1295
1079
1174
1862
1026
1797
1396
1748
527
1228
456
444
1622
248
1357
1343
1013
341
211
671
1029
1583
896
386
1863
1113
909
1333
1665
962
1744
51
308
821
1366
1286
1536
1265
260
717
1290
1464
1085
1327
300
587
1254
1278
462
1238
632
783
276
1832
1366
698
439
550
1408
813
1625
1473
615
741
1219
916
51
720
161
418
897
189
465
96
96
981
119
1119
1566
990
1045
717
574
1149
153
780
1358
1900
743
531
630
140
1673
659
1091
205
292
1837
468
331
125
1010
1316
1867
1436
1627
10
1431
1056
1034
1678
1286
994
897
797
912
1886
18
1055
400
1584
54
1462
1003
635
1473
1882
32
32
118
131
1008
349
472
1878
560
436
321
387
29
1549
1974
558
1615
158
1034
797
1777
90
817
1762
176
1080
488
1066
1649
1030
1780
1284
1528
1326
200
1286
1735
1448
1452
829
1252
1471
1114
1987
1150
968
793
1830
1601
1392
1680
806
935
1846
1203
1135
449
1129
498
104
279
307
659
715
637
70
284
918
215
1430
1813
769
1566
632
1934
306
659
1608
333
237
1971
1633
987
1328
1371
1625
1647
718
1246
475
346
441
1957
1609
1173
709
406
1937
1704
1515
1945
1999
637
188
998
1012
613
647
211
1158
1113
877
397
1592
1939
834
1093
1595
301
1942
1069
404
666
981
466
240
836
156
60
982
1094
301
676
1788
683
1156
758
557
279
747
1255
1305
101
428
1656
1597
1120
533
1132
1620
69
288
1526
1214
1848
1827
1847
433
375
598
999
733
221
1235
1489
1124
1464
1635
1620
522
1196
1846
726
1593
1784
995
1468
216
410
1137
1544
1725
1535
1428
1634
1585
190
125
1467
1347
198
1931
1725
1567
148
1783
1415
496
170
703
72
403
1388
1920
1353
799
1564
1033
1424
98
1593
862
1410
861
36
618
1049
1667
51
1449
183
1838
1465
1637
1689
1939
1541
1375
47
1319
1978
1793
1243
849
1551
1217
888
1857
56
584
525
1202
213
659
1298
1677
586
1466
1602
1998
623
416
1874
1690
1784
1083
1905
545
663
484
2000
1473
512
224
1364
1211
142
1952
106
634
1860
342
410
33
1719
1450
1871
979
650
1468
998
1353
698
1610
213
848
1979
292
638
930
1074
782
915
1462
1844
1670
380
1226
1983
1847
40
1919
1256
588
592
1637
853
425
1746
41
1676
7
1580
1357
1132
1887
359
1719
554
105
1255
1948
1934
677
1456
255
799
921
571
1636
268
588
281
202
1277
1026
1063
1912
425
745
866
759
1561
516
637
1409
381
534
801
104
1997
482
229
1466
1539
848
1774
515
1879
1122
392
1267
1947
136
678
898
1865
1408
1382
994
1145
1842
664
260
951
619
1793
221
501
1417
747
1498
780
39
511
193
713
1480
1350
298
38
73
1244
718
646
1186
566
815
949
1374
1285
633
255
348
1596
1832
640
1524
383
1817
844
62
1196
325
1056
975
1390
1387
1880
1189
1919
589
978
1158
1326
1438
515
404
610
1226
442
1987
1150
359
1362
1934
1909
923
939
1559
847
1534
1130
1806
1709
705
1423
1843
1097
1615
296
1631
706
1603
1317
1648
1319
1882
1308
724
1729
1098
1934
1593
294
243
905
241
